1 0.684659 0.689552 0.600511 0.268415 0.737748 0.517107 0.305522 0.218493 0.620622 0.456437 0.592874 0.39623 0.366189 0.248907 0.619263 0.555478 0.729074 0.719789 0.576093 0.541374 0.281233 0.273726 0.46933 0.452459 0.420215 0.377907 0.631152 0.578155 0.395026 0.406267 0.311056 0.280796 0.201681 0.496493 0.508341 0.54687 0.535693 0.509215 0.489759 0.555156 0.50423 0.520515 0.436737 0.432922 0.373852 0.412437 0.386863 0.874726 0.666367 0.667578 0.544711 0.675041 0.436026 0.637337 0.46787 0.487707 0.406396 0.594967 0.592241 0.352252 0.356933 0.3489 0.439596 0.287463 0.315656 0.382978 0.372322 0.4194 0.398119 0.534481 0.440463 0.48327 0.36223 
0.684659 1 0.570596 0.691722 0.30573 0.528285 0.688981 0.280507 0.260485 0.483196 0.641537 0.458244 0.550941 0.32673 0.31787 0.543507 0.652407 0.692589 0.705441 0.565211 0.549911 0.276718 0.291781 0.457041 0.466585 0.422456 0.425878 0.666878 0.6653 0.391585 0.379093 0.298615 0.2453 0.207174 0.491585 0.527018 0.541418 0.547648 0.481826 0.496667 0.53203 0.574026 0.480619 0.525867 0.374485 0.400282 0.358252 0.387941 0.672659 0.882093 0.600622 0.64083 0.549744 0.59317 0.504152 0.624781 0.400304 0.513626 0.619237 0.598381 0.337459 0.363948 0.381196 0.432489 0.319174 0.328796 0.353804 0.383548 0.391489 0.455585 0.460174 0.539556 0.390444 0.44913 
0.689552 0.570596 1 0.775744 0.300374 0.854822 0.627074 0.346241 0.227681 0.503093 0.409752 0.573448 0.380126 0.364326 0.260148 0.465678 0.457481 0.70743 0.669789 0.848 0.793241 0.338278 0.321448 0.412833 0.420163 0.501685 0.466715 0.584811 0.553611 0.432852 0.426278 0.274504 0.265181 0.146226 0.471433 0.452207 0.512689 0.486552 0.464296 0.444615 0.492507 0.477722 0.513667 0.427989 0.42877 0.394678 0.375982 0.37953 0.603904 0.547659 0.592337 0.513144 0.570382 0.449137 0.49893 0.425826 0.574596 0.495337 0.602463 0.590496 0.401418 0.407341 0.353015 0.442726 0.284426 0.304693 0.383222 0.378185 0.343589 0.345611 0.443893 0.406311 0.479378 0.395793 
0.600511 0.691722 0.775744 1 0.346941 0.689226 0.845122 0.323963 0.271818 0.444448 0.527933 0.479726 0.501259 0.337 0.291296 0.45707 0.510485 0.682567 0.706526 0.754104 0.808474 0.315204 0.340589 0.4395 0.4411 0.477111 0.517826 0.582174 0.607859 0.428437 0.434111 0.292333 0.242248 0.176237 0.463337 0.474381 0.508233 0.524507 0.456967 0.456722 0.490707 0.531096 0.490467 0.495096 0.40793 0.399752 0.359685 0.381544 0.553356 0.62997 0.554904 0.570493 0.534078 0.544989 0.471985 0.522067 0.493133 0.583715 0.60793 0.610959 0.393063 0.4269 0.398856 0.467107 0.306474 0.336196 0.387181 0.415604 0.342744 0.37923 0.425067 0.459859 0.424393 0.441252 
0.268415 0.30573 0.300374 0.346941 1 0.259844 0.298356 0.599711 0.696907 0.3054 0.324859 0.338282 0.406178 0.513841 0.604015 0.306607 0.287841 0.249093 0.22447 0.363304 0.391426 0.649811 0.72413 0.324952 0.366093 0.476052 0.497104 0.33427 0.356344 0.28107 0.288204 0.262204 0.280974 0.292696 0.27477 0.309822 0.340333 0.312737 0.280656 0.274707 0.339615 0.318767 0.345596 0.314859 0.241196 0.218959 0.218004 0.251926 0.309256 0.328822 0.262763 0.1977 0.297345 0.271163 0.300596 0.338719 0.246918 0.274437 0.342311 0.333144 0.371867 0.419926 0.287922 0.359937 0.240926 0.263685 0.272522 0.271022 0.228141 0.250663 0.28423 0.335056 0.273496 0.323789 
0.737748 0.528285 0.854822 0.689226 0.259844 1 0.632178 0.306841 0.194381 0.571078 0.446611 0.656778 0.395481 0.309907 0.215326 0.499133 0.457437 0.635848 0.617622 0.704156 0.664274 0.254981 0.246056 0.424085 0.423819 0.45373 0.415196 0.588582 0.55553 0.432826 0.433189 0.250267 0.256489 0.116744 0.464659 0.430707 0.527833 0.485893 0.462726 0.423863 0.513278 0.477015 0.523785 0.422259 0.4317 0.377085 0.399659 0.364581 0.645263 0.502641 0.630396 0.492863 0.6727 0.443981 0.566226 0.439826 0.586944 0.486541 0.61077 0.58657 0.376267 0.394718 0.341559 0.455337 0.281096 0.314056 0.394248 0.386696 0.35117 0.331167 0.464044 0.381589 0.469385 0.366896 
0.517107 0.688981 0.627074 0.845122 0.298356 0.632178 1 0.295067 0.281796 0.440796 0.621767 0.462852 0.606526 0.287281 0.280359 0.436793 0.50443 0.571144 0.598218 0.626382 0.668741 0.251263 0.276456 0.432604 0.428659 0.414511 0.473248 0.567285 0.603048 0.412693 0.431285 0.278467 0.217022 0.165159 0.452022 0.45363 0.493956 0.512996 0.442855 0.437274 0.4787 0.528378 0.466993 0.506189 0.410615 0.405837 0.363563 0.380159 0.49907 0.597537 0.549078 0.561415 0.560315 0.589841 0.481604 0.55763 0.4627 0.605926 0.590804 0.611248 0.368081 0.415641 0.395826 0.443504 0.310085 0.318633 0.387281 0.415041 0.324185 0.3642 0.4066 0.445359 0.394141 0.423444 
0.305522 0.280507 0.346241 0.323963 0.599711 0.306841 0.295067 1 0.6118 0.400744 0.325137 0.469744 0.399007 0.781278 0.563544 0.346689 0.341374 0.266474 0.289248 0.369207 0.372933 0.575822 0.544178 0.40337 0.391278 0.446189 0.400337 0.357463 0.344289 0.321867 0.312674 0.33013 0.248544 0.358426 0.33213 0.356748 0.336022 0.351789 0.323022 0.331985 0.353067 0.343252 0.394219 0.341759 0.302222 0.248115 0.267544 0.2608 0.359444 0.313389 0.277774 0.2005 0.333111 0.254533 0.36707 0.304396 0.297985 0.263915 0.321348 0.382218 0.423633 0.34293 0.333441 0.304752 0.270333 0.216341 0.315526 0.3095 0.276737 0.306411 0.368526 0.364426 0.405344 0.315859 
0.218493 0.260485 0.227681 0.271818 0.696907 0.194381 0.281796 0.6118 1 0.26353 0.328611 0.303159 0.431618 0.533226 0.731178 0.252707 0.258944 0.19917 0.181485 0.264196 0.276344 0.442937 0.489774 0.296456 0.369756 0.305911 0.349859 0.272774 0.296115 0.221378 0.224767 0.214233 0.250867 0.26297 0.244804 0.281681 0.270259 0.256007 0.247248 0.253433 0.277015 0.263789 0.299219 0.281122 0.189574 0.182319 0.159333 0.207482 0.270522 0.28813 0.211941 0.158837 0.263152 0.266648 0.253293 0.295326 0.1788 0.241719 0.264993 0.271893 0.269785 0.3154 0.211615 0.274315 0.156644 0.175652 0.240667 0.247815 0.182863 0.223637 0.263719 0.302437 0.245626 0.311226 
0.620622 0.483196 0.503093 0.444448 0.3054 0.571078 0.440796 0.400744 0.26353 1 0.573693 0.823448 0.48317 0.489296 0.325089 0.672148 0.545789 0.512326 0.491696 0.5108 0.478018 0.27183 0.281389 0.59667 0.530022 0.496426 0.473889 0.574159 0.544993 0.432059 0.403126 0.336619 0.300459 0.234585 0.460256 0.465615 0.479337 0.476148 0.443841 0.42283 0.497159 0.469148 0.531359 0.445867 0.471219 0.390193 0.41293 0.368607 0.593263 0.463733 0.465567 0.358437 0.577752 0.388337 0.657755 0.45423 0.476881 0.392478 0.472452 0.479178 0.452085 0.445193 0.45507 0.494985 0.352767 0.367844 0.408789 0.387341 0.467907 0.432104 0.567937 0.473685 0.559822 0.446756 
0.456437 0.641537 0.409752 0.527933 0.324859 0.446611 0.621767 0.325137 0.328611 0.573693 1 0.56243 0.799341 0.385019 0.468626 0.520763 0.683396 0.451011 0.457278 0.487226 0.503318 0.233296 0.283111 0.515078 0.619752 0.498522 0.553004 0.575304 0.616356 0.41227 0.422848 0.289833 0.287415 0.245759 0.423404 0.45323 0.439367 0.474178 0.4049 0.407056 0.464718 0.510819 0.475889 0.507019 0.410681 0.420618 0.366815 0.383411 0.457648 0.592674 0.429389 0.40207 0.517411 0.525622 0.530144 0.630419 0.414096 0.516293 0.481144 0.512196 0.42187 0.487633 0.445226 0.539348 0.36843 0.394419 0.373819 0.410389 0.412307 0.475263 0.476137 0.568126 0.449119 0.574085 
0.592874 0.458244 0.573448 0.479726 0.338282 0.656778 0.462852 0.469744 0.303159 0.823448 0.56243 1 0.528789 0.563774 0.377756 0.597607 0.520589 0.49613 0.473411 0.572589 0.540641 0.316126 0.30987 0.573589 0.534111 0.52747 0.490007 0.562563 0.53867 0.465233 0.437419 0.324367 0.307322 0.228074 0.461211 0.469856 0.49963 0.489063 0.441163 0.41643 0.498633 0.465941 0.531726 0.457452 0.449893 0.387759 0.386245 0.35593 0.561641 0.431585 0.467726 0.335711 0.57647 0.374922 0.615889 0.421715 0.528067 0.419907 0.49187 0.490241 0.4518 0.439393 0.413081 0.491385 0.332515 0.353981 0.425167 0.415459 0.458685 0.443259 0.546415 0.471518 0.569167 0.452533 
0.39623 0.550941 0.380126 0.501259 0.406178 0.395481 0.606526 0.399007 0.431618 0.48317 0.799341 0.528789 1 0.433674 0.577752 0.445919 0.549119 0.405837 0.396626 0.446496 0.471122 0.297607 0.343696 0.458915 0.5282 0.442985 0.510341 0.48277 0.521674 0.383226 0.387774 0.298459 0.271533 0.250441 0.387144 0.420496 0.412011 0.439893 0.372478 0.382133 0.427582 0.45947 0.430452 0.450615 0.357718 0.381826 0.333415 0.352819 0.417352 0.509974 0.384956 0.335663 0.451652 0.443215 0.4704 0.566218 0.384459 0.473289 0.441748 0.470289 0.390278 0.450215 0.408252 0.461037 0.346344 0.337537 0.357581 0.382804 0.359274 0.400196 0.430615 0.51303 0.406952 0.504311 
0.366189 0.32673 0.364326 0.337 0.513841 0.309907 0.287281 0.781278 0.533226 0.489296 0.385019 0.563774 0.433674 1 0.604911 0.422211 0.40377 0.342644 0.349189 0.433856 0.415874 0.520926 0.488222 0.530711 0.511756 0.4841 0.4325 0.419044 0.392867 0.388996 0.374418 0.44427 0.350359 0.467974 0.393393 0.410237 0.372315 0.381489 0.40123 0.395185 0.378863 0.351885 0.424804 0.354163 0.357333 0.291793 0.334619 0.325567 0.399055 0.347367 0.291307 0.213181 0.344067 0.265478 0.42503 0.33823 0.341544 0.285996 0.356633 0.41263 0.456841 0.365137 0.393448 0.376619 0.316544 0.274448 0.408604 0.378896 0.369126 0.369337 0.501204 0.44973 0.531763 0.391804 
0.248907 0.31787 0.260148 0.291296 0.604015 0.215326 0.280359 0.563544 0.731178 0.325089 0.468626 0.377756 0.577752 0.604911 1 0.323 0.376515 0.266811 0.246056 0.319093 0.324704 0.439167 0.481641 0.399385 0.54663 0.371741 0.424715 0.345019 0.37067 0.319107 0.317741 0.31 0.353374 0.358126 0.299019 0.330481 0.312596 0.322019 0.319896 0.330744 0.306433 0.313293 0.328089 0.328359 0.272215 0.283933 0.264163 0.323093 0.309718 0.342182 0.235911 0.185648 0.282481 0.27423 0.311993 0.366448 0.247226 0.306415 0.317215 0.34353 0.344244 0.38523 0.324581 0.394278 0.277256 0.291011 0.32073 0.34203 0.280678 0.321667 0.370685 0.420522 0.346222 0.443678 
0.619263 0.543507 0.465678 0.45707 0.306607 0.499133 0.436793 0.346689 0.252707 0.672148 0.520763 0.597607 0.445919 0.422211 0.323 1 0.696518 0.5469 0.55233 0.481796 0.461822 0.285596 0.314181 0.769037 0.669293 0.488948 0.485748 0.617585 0.594019 0.46483 0.457663 0.405263 0.390048 0.283637 0.553652 0.566233 0.576689 0.556222 0.560726 0.528481 0.554689 0.511307 0.562444 0.4678 0.49743 0.410933 0.479626 0.430819 0.664504 0.544144 0.460178 0.38243 0.509715 0.384515 0.688148 0.498341 0.434504 0.371619 0.559296 0.553248 0.432811 0.444037 0.505448 0.55857 0.3881 0.416707 0.446989 0.439482 0.749404 0.644456 0.772126 0.627315 0.5691 0.493604 
0.555478 0.652407 0.457481 0.510485 0.287841 0.457437 0.50443 0.341374 0.258944 0.545789 0.683396 0.520589 0.549119 0.40377 0.376515 0.696518 1 0.527018 0.561911 0.495044 0.4976 0.288726 0.309 0.628985 0.739337 0.51343 0.5056 0.595026 0.583163 0.445593 0.459596 0.353119 0.320863 0.279263 0.514393 0.5542 0.560322 0.575522 0.48937 0.496604 0.544104 0.550796 0.518289 0.537581 0.432793 0.4396 0.396841 0.422333 0.575911 0.680052 0.442726 0.422593 0.456585 0.446556 0.575282 0.672719 0.400974 0.450341 0.529567 0.566396 0.404022 0.424263 0.458959 0.574996 0.374748 0.417133 0.409867 0.464452 0.574489 0.720174 0.61477 0.722408 0.495485 0.555011 
0.729074 0.692589 0.70743 0.682567 0.249093 0.635848 0.571144 0.266474 0.19917 0.512326 0.451011 0.49613 0.405837 0.342644 0.266811 0.5469 0.527018 1 0.867274 0.664363 0.612315 0.263463 0.259578 0.457422 0.433807 0.43613 0.407304 0.677748 0.640763 0.460052 0.4578 0.357774 0.334167 0.225348 0.532993 0.524426 0.540011 0.528811 0.535419 0.535885 0.502078 0.484667 0.501726 0.439978 0.470974 0.449141 0.449533 0.452033 0.666107 0.628052 0.60473 0.544822 0.555411 0.438552 0.547326 0.474611 0.473044 0.437267 0.657893 0.607107 0.398059 0.398055 0.389244 0.426496 0.324933 0.326926 0.452333 0.443493 0.4121 0.415533 0.503378 0.474559 0.477911 0.455785 
0.719789 0.705441 0.669789 0.706526 0.22447 0.617622 0.598218 0.289248 0.181485 0.491696 0.457278 0.473411 0.396626 0.349189 0.246056 0.55233 0.561911 0.867274 1 0.612315 0.625278 0.265796 0.249182 0.469189 0.463152 0.437152 0.400515 0.666589 0.655344 0.443893 0.464307 0.364507 0.321778 0.239078 0.540718 0.528167 0.539237 0.571145 0.543704 0.552619 0.507037 0.508715 0.482493 0.461937 0.483511 0.454126 0.476685 0.462174 0.674589 0.652967 0.615845 0.59597 0.539818 0.463407 0.540974 0.488315 0.417393 0.442993 0.654367 0.6726 0.399037 0.368541 0.405959 0.445404 0.337552 0.348922 0.44203 0.459804 0.420248 0.434952 0.509689 0.484319 0.477578 0.423633 
0.576093 0.565211 0.848 0.754104 0.363304 0.704156 0.626382 0.369207 0.264196 0.5108 0.487226 0.572589 0.446496 0.433856 0.319093 0.481796 0.495044 0.664363 0.612315 1 0.897848 0.423437 0.417137 0.452889 0.456963 0.637496 0.607485 0.64527 0.631774 0.509541 0.503233 0.331981 0.310985 0.213515 0.490167 0.485352 0.507937 0.489889 0.472367 0.466244 0.482844 0.484774 0.517022 0.456707 0.447574 0.431604 0.396526 0.40843 0.5168 0.531948 0.505993 0.446293 0.506715 0.437233 0.486004 0.457889 0.595019 0.524878 0.60683 0.591837 0.491263 0.500944 0.427574 0.492089 0.36497 0.379359 0.428863 0.41717 0.370019 0.385089 0.471244 0.463726 0.545159 0.485544 
0.541374 0.549911 0.793241 0.808474 0.391426 0.664274 0.668741 0.372933 0.276344 0.478018 0.503318 0.540641 0.471122 0.415874 0.324704 0.461822 0.4976 0.612315 0.625278 0.897848 1 0.415633 0.451563 0.453141 0.466944 0.612 0.633015 0.603752 0.619359 0.496393 0.503885 0.338 0.307511 0.218578 0.483848 0.477689 0.498407 0.490804 0.465541 0.45847 0.4657 0.488611 0.498452 0.464852 0.458244 0.427578 0.402767 0.418789 0.483444 0.512407 0.487589 0.468211 0.472893 0.466304 0.459307 0.467519 0.538222 0.553833 0.582482 0.608048 0.473926 0.499037 0.430089 0.496026 0.359222 0.369582 0.411159 0.432737 0.36617 0.392881 0.454237 0.472248 0.516278 0.494659 
0.281233 0.276718 0.338278 0.315204 0.649811 0.254981 0.251263 0.575822 0.442937 0.27183 0.233296 0.316126 0.297607 0.520926 0.439167 0.285596 0.288726 0.263463 0.265796 0.423437 0.415633 1 0.867704 0.325411 0.304548 0.568404 0.489863 0.314919 0.306033 0.320833 0.293796 0.294115 0.272607 0.339807 0.278241 0.30853 0.310296 0.324104 0.295544 0.316993 0.329967 0.285144 0.322119 0.297489 0.257915 0.226111 0.255393 0.258726 0.314226 0.302781 0.241196 0.1907 0.230978 0.176033 0.279404 0.2513 0.268359 0.22617 0.327956 0.356959 0.390074 0.347556 0.28643 0.278948 0.224611 0.220737 0.232707 0.237178 0.249693 0.252467 0.315867 0.321878 0.338541 0.275448 
0.273726 0.291781 0.321448 0.340589 0.72413 0.246056 0.276456 0.544178 0.489774 0.281389 0.283111 0.30987 0.343696 0.488222 0.481641 0.314181 0.309 0.259578 0.249182 0.417137 0.451563 0.867704 1 0.348841 0.352989 0.600367 0.594296 0.3382 0.350333 0.312341 0.301585 0.297641 0.305822 0.322659 0.306163 0.338181 0.333304 0.326863 0.324785 0.333726 0.338085 0.309919 0.348519 0.320004 0.288481 0.256133 0.278989 0.28273 0.306493 0.31007 0.230433 0.17677 0.242885 0.199426 0.294022 0.30027 0.271193 0.249756 0.343378 0.352974 0.411656 0.424274 0.316811 0.337511 0.245626 0.237796 0.252844 0.269374 0.275563 0.29813 0.332767 0.372204 0.337211 0.336922 
0.46933 0.457041 0.412833 0.4395 0.324952 0.424085 0.432604 0.40337 0.296456 0.59667 0.515078 0.573589 0.458915 0.530711 0.399385 0.769037 0.628985 0.457422 0.469189 0.452889 0.453141 0.325411 0.348841 1 0.765852 0.516207 0.521407 0.56323 0.558656 0.428026 0.437248 0.4981 0.45073 0.418785 0.484093 0.509318 0.477033 0.493341 0.508522 0.494622 0.474204 0.449667 0.491515 0.435748 0.450659 0.379126 0.47983 0.441233 0.5056 0.445793 0.386556 0.3336 0.435685 0.359411 0.588867 0.478278 0.356082 0.341004 0.477396 0.498607 0.495811 0.481793 0.66237 0.608682 0.48533 0.470282 0.510119 0.5054 0.700019 0.651059 0.705404 0.639463 0.542433 0.487619 
0.452459 0.466585 0.420163 0.4411 0.366093 0.423819 0.428659 0.391278 0.369756 0.530022 0.619752 0.534111 0.5282 0.511756 0.54663 0.669293 0.739337 0.433807 0.463152 0.456963 0.466944 0.304548 0.352989 0.765852 1 0.518941 0.543682 0.545374 0.55153 0.408504 0.446807 0.433763 0.461619 0.362322 0.476878 0.5142 0.487815 0.493074 0.496926 0.489085 0.482507 0.457748 0.496333 0.459252 0.435322 0.4103 0.440815 0.436374 0.475922 0.477722 0.382318 0.316474 0.420018 0.37307 0.533918 0.539348 0.357148 0.377211 0.458193 0.511274 0.432433 0.466648 0.510137 0.687419 0.389126 0.476356 0.458281 0.510219 0.63527 0.70377 0.693507 0.696848 0.545152 0.554493 
0.420215 0.422456 0.501685 0.477111 0.476052 0.45373 0.414511 0.446189 0.305911 0.496426 0.498522 0.52747 0.442985 0.4841 0.371741 0.488948 0.51343 0.43613 0.437152 0.637496 0.612 0.568404 0.600367 0.516207 0.518941 1 0.872174 0.610959 0.608326 0.452867 0.450144 0.333463 0.313559 0.274907 0.443852 0.448381 0.476293 0.466359 0.418737 0.398904 0.46833 0.443067 0.485941 0.420522 0.432222 0.364174 0.378993 0.342078 0.41017 0.420244 0.322396 0.249559 0.395074 0.299996 0.486819 0.45707 0.426363 0.367744 0.460407 0.491367 0.631878 0.612374 0.482881 0.532285 0.421048 0.412837 0.433478 0.411278 0.439207 0.44283 0.494926 0.474685 0.519763 0.449667 
0.377907 0.425878 0.466715 0.517826 0.497104 0.415196 0.473248 0.400337 0.349859 0.473889 0.553004 0.490007 0.510341 0.4325 0.424715 0.485748 0.5056 0.407304 0.400515 0.607485 0.633015 0.489863 0.594296 0.521407 0.543682 0.872174 1 0.584941 0.636426 0.456633 0.458233 0.322059 0.329259 0.270907 0.437074 0.465993 0.466581 0.473807 0.413507 0.397585 0.456856 0.453122 0.476241 0.44493 0.426004 0.371148 0.375615 0.348759 0.3774 0.402567 0.294848 0.237548 0.388463 0.319089 0.47777 0.485133 0.423719 0.409804 0.459474 0.48643 0.600311 0.640811 0.501307 0.567263 0.42217 0.433389 0.4273 0.441485 0.426544 0.477926 0.482737 0.513189 0.479741 0.4986 
0.631152 0.666878 0.584811 0.582174 0.33427 0.588582 0.567285 0.357463 0.272774 0.574159 0.575304 0.562563 0.48277 0.419044 0.345019 0.617585 0.595026 0.677748 0.666589 0.64527 0.603752 0.314919 0.3382 0.56323 0.545374 0.610959 0.584941 1 0.920511 0.607156 0.584611 0.398378 0.353789 0.284393 0.592467 0.594289 0.611004 0.621452 0.579233 0.559274 0.572882 0.595978 0.587681 0.547563 0.528704 0.455478 0.486263 0.451959 0.643041 0.628385 0.555985 0.450059 0.613004 0.501085 0.632548 0.569889 0.528963 0.510737 0.701452 0.710596 0.532389 0.513493 0.513619 0.555933 0.444537 0.449133 0.531337 0.527811 0.509422 0.495019 0.596237 0.556363 0.575474 0.529782 
0.578155 0.6653 0.553611 0.607859 0.356344 0.55553 0.603048 0.344289 0.296115 0.544993 0.616356 0.53867 0.521674 0.392867 0.37067 0.594019 0.583163 0.640763 0.655344 0.631774 0.619359 0.306033 0.350333 0.558656 0.55153 0.608326 0.636426 0.920511 1 0.593641 0.6059 0.38397 0.37997 0.28737 0.578937 0.591341 0.595411 0.609467 0.570533 0.562348 0.552422 0.590696 0.56537 0.553337 0.513918 0.473289 0.485704 0.470974 0.589304 0.620718 0.532019 0.453896 0.584159 0.537352 0.598393 0.605726 0.493941 0.546811 0.698233 0.717074 0.522711 0.542926 0.522411 0.563115 0.460833 0.466156 0.536456 0.557674 0.488552 0.494363 0.557248 0.558222 0.523478 0.552863 
0.395026 0.391585 0.432852 0.428437 0.28107 0.432826 0.412693 0.321867 0.221378 0.432059 0.41227 0.465233 0.383226 0.388996 0.319107 0.46483 0.445593 0.460052 0.443893 0.509541 0.496393 0.320833 0.312341 0.428026 0.408504 0.452867 0.456633 0.607156 0.593641 1 0.8269 0.425915 0.399141 0.294537 0.606859 0.567452 0.583848 0.594926 0.557937 0.5572 0.48687 0.510952 0.535422 0.517059 0.519059 0.478193 0.488919 0.482585 0.398322 0.3776 0.385318 0.298252 0.436963 0.339696 0.451337 0.377763 0.588563 0.516678 0.696989 0.668915 0.505326 0.479526 0.444718 0.445133 0.39663 0.375452 0.541993 0.532752 0.402007 0.396785 0.468915 0.485863 0.546296 0.532352 
0.406267 0.379093 0.426278 0.434111 0.288204 0.433189 0.431285 0.312674 0.224767 0.403126 0.422848 0.437419 0.387774 0.374418 0.317741 0.457663 0.459596 0.4578 0.464307 0.503233 0.503885 0.293796 0.301585 0.437248 0.446807 0.450144 0.458233 0.584611 0.6059 0.8269 1 0.4484 0.442663 0.30437 0.60777 0.575137 0.571778 0.584707 0.585448 0.582789 0.482548 0.504956 0.523874 0.52533 0.535141 0.505407 0.542663 0.525656 0.401233 0.363652 0.389637 0.314048 0.429885 0.356244 0.440233 0.398944 0.523419 0.515707 0.662493 0.704196 0.518196 0.51583 0.459707 0.486304 0.417359 0.411956 0.583041 0.614204 0.377659 0.403033 0.467715 0.477826 0.519241 0.521219 
0.311056 0.298615 0.274504 0.292333 0.262204 0.250267 0.278467 0.33013 0.214233 0.336619 0.289833 0.324367 0.298459 0.44427 0.31 0.405263 0.353119 0.357774 0.364507 0.331981 0.338 0.294115 0.297641 0.4981 0.433763 0.333463 0.322059 0.398378 0.38397 0.425915 0.4484 1 0.634563 0.640315 0.443196 0.431756 0.333319 0.350922 0.4987 0.490615 0.310763 0.309933 0.382859 0.338126 0.43403 0.370648 0.589993 0.523867 0.343415 0.291011 0.2722 0.2458 0.285552 0.220548 0.363818 0.284433 0.290122 0.265281 0.387048 0.425693 0.373537 0.327667 0.428537 0.383993 0.366767 0.338341 0.532189 0.506707 0.386356 0.364452 0.490882 0.436456 0.473911 0.396741 
0.280796 0.2453 0.265181 0.242248 0.280974 0.256489 0.217022 0.248544 0.250867 0.300459 0.287415 0.307322 0.271533 0.350359 0.353374 0.390048 0.320863 0.334167 0.321778 0.310985 0.307511 0.272607 0.305822 0.45073 0.461619 0.313559 0.329259 0.353789 0.37997 0.399141 0.442663 0.634563 1 0.497456 0.429226 0.43833 0.340059 0.357359 0.477193 0.544615 0.319193 0.292681 0.41367 0.355519 0.442685 0.446222 0.538007 0.596793 0.300074 0.238196 0.252237 0.191374 0.262559 0.167993 0.301974 0.264237 0.259115 0.245541 0.394222 0.398911 0.325941 0.373519 0.35783 0.427807 0.318511 0.34657 0.470737 0.515193 0.346141 0.369993 0.433274 0.463082 0.39897 0.483622 
0.201681 0.207174 0.146226 0.176237 0.292696 0.116744 0.165159 0.358426 0.26297 0.234585 0.245759 0.228074 0.250441 0.467974 0.358126 0.283637 0.279263 0.225348 0.239078 0.213515 0.218578 0.339807 0.322659 0.418785 0.362322 0.274907 0.270907 0.284393 0.28737 0.294537 0.30437 0.640315 0.497456 1 0.256911 0.274278 0.207726 0.249089 0.307337 0.320567 0.200244 0.20847 0.227667 0.220507 0.274956 0.218704 0.382589 0.357774 0.237793 0.2092 0.167407 0.144722 0.182922 0.140381 0.260559 0.21493 0.15137 0.154789 0.238526 0.2866 0.290856 0.247789 0.354233 0.293693 0.325067 0.267374 0.371815 0.379656 0.285326 0.302741 0.361056 0.338422 0.327456 0.293119 
0.496493 0.491585 0.471433 0.463337 0.27477 0.464659 0.452022 0.33213 0.244804 0.460256 0.423404 0.461211 0.387144 0.393393 0.299019 0.553652 0.514393 0.532993 0.540718 0.490167 0.483848 0.278241 0.306163 0.484093 0.476878 0.443852 0.437074 0.592467 0.578937 0.606859 0.60777 0.443196 0.429226 0.256911 1 0.872537 0.801237 0.756656 0.865219 0.823896 0.704837 0.666152 0.740793 0.656426 0.718533 0.667559 0.614818 0.622963 0.498826 0.482922 0.450763 0.393978 0.446785 0.369156 0.497544 0.444585 0.465082 0.445937 0.69073 0.688722 0.431874 0.422648 0.394082 0.424819 0.347419 0.335407 0.489763 0.4942 0.481311 0.477363 0.579093 0.565848 0.597556 0.593033 
0.508341 0.527018 0.452207 0.474381 0.309822 0.430707 0.45363 0.356748 0.281681 0.465615 0.45323 0.469856 0.420496 0.410237 0.330481 0.566233 0.5542 0.524426 0.528167 0.485352 0.477689 0.30853 0.338181 0.509318 0.5142 0.448381 0.465993 0.594289 0.591341 0.567452 0.575137 0.431756 0.43833 0.274278 0.872537 1 0.745381 0.79927 0.790085 0.82153 0.686308 0.69307 0.710089 0.708182 0.63607 0.635082 0.553415 0.594515 0.506133 0.512033 0.448685 0.396885 0.446426 0.373511 0.493659 0.476637 0.444826 0.455645 0.646463 0.677041 0.422648 0.414059 0.415856 0.450052 0.345411 0.350163 0.448881 0.492693 0.49237 0.525074 0.574293 0.617441 0.56957 0.61683 
0.54687 0.541418 0.512689 0.508233 0.340333 0.527833 0.493956 0.336022 0.270259 0.479337 0.439367 0.49963 0.412011 0.372315 0.312596 0.576689 0.560322 0.540011 0.539237 0.507937 0.498407 0.310296 0.333304 0.477033 0.487815 0.476293 0.466581 0.611004 0.595411 0.583848 0.571778 0.333319 0.340059 0.207726 0.801237 0.745381 1 0.831452 0.715389 0.687437 0.828763 0.760544 0.719174 0.670689 0.565059 0.53207 0.467652 0.501752 0.543518 0.564578 0.535422 0.480233 0.510911 0.443974 0.515482 0.511382 0.522519 0.519678 0.742648 0.719596 0.384389 0.401041 0.374722 0.435552 0.325515 0.32267 0.416263 0.43163 0.460196 0.472315 0.550559 0.561918 0.538815 0.533207 
0.535693 0.547648 0.486552 0.524507 0.312737 0.485893 0.512996 0.351789 0.256007 0.476148 0.474178 0.489063 0.439893 0.381489 0.322019 0.556222 0.575522 0.528811 0.571145 0.489889 0.490804 0.324104 0.326863 0.493341 0.493074 0.466359 0.473807 0.621452 0.609467 0.594926 0.584707 0.350922 0.357359 0.249089 0.756656 0.79927 0.831452 1 0.679211 0.705967 0.792959 0.832548 0.706944 0.743874 0.589037 0.583304 0.501219 0.530744 0.539419 0.552874 0.538626 0.504159 0.51227 0.433596 0.519333 0.522959 0.501833 0.537715 0.703856 0.777737 0.40333 0.398344 0.4135 0.458744 0.333059 0.366044 0.412582 0.44133 0.442196 0.488737 0.536707 0.586348 0.54303 0.56547 
0.509215 0.481826 0.464296 0.456967 0.280656 0.462726 0.442855 0.323022 0.247248 0.443841 0.4049 0.441163 0.372478 0.40123 0.319896 0.560726 0.48937 0.535419 0.543704 0.472367 0.465541 0.295544 0.324785 0.508522 0.496926 0.418737 0.413507 0.579233 0.570533 0.557937 0.585448 0.4987 0.477193 0.307337 0.865219 0.790085 0.715389 0.679211 1 0.866126 0.637896 0.597167 0.677467 0.583167 0.707804 0.638415 0.695444 0.666911 0.522456 0.48127 0.474944 0.411096 0.455648 0.370956 0.499456 0.429578 0.42133 0.40127 0.668815 0.666174 0.444622 0.442744 0.410744 0.43627 0.350744 0.335978 0.516896 0.516059 0.487078 0.454293 0.609667 0.557585 0.564174 0.548818 
0.489759 0.496667 0.444615 0.456722 0.274707 0.423863 0.437274 0.331985 0.253433 0.42283 0.407056 0.41643 0.382133 0.395185 0.330744 0.528481 0.496604 0.535885 0.552619 0.466244 0.45847 0.316993 0.333726 0.494622 0.489085 0.398904 0.397585 0.559274 0.562348 0.5572 0.582789 0.490615 0.544615 0.320567 0.823896 0.82153 0.687437 0.705967 0.866126 1 0.635085 0.604793 0.652763 0.626437 0.656822 0.703381 0.657026 0.727326 0.510541 0.494285 0.463885 0.423104 0.43413 0.363182 0.464441 0.434811 0.397726 0.402763 0.671478 0.684026 0.409919 0.414707 0.398548 0.417781 0.339222 0.337396 0.4911 0.513826 0.452241 0.455978 0.567719 0.594378 0.539944 0.583963 
0.555156 0.53203 0.492507 0.490707 0.339615 0.513278 0.4787 0.353067 0.277015 0.497159 0.464718 0.498633 0.427582 0.378863 0.306433 0.554689 0.544104 0.502078 0.507037 0.482844 0.4657 0.329967 0.338085 0.474204 0.482507 0.46833 0.456856 0.572882 0.552422 0.48687 0.482548 0.310763 0.319193 0.200244 0.704837 0.686308 0.828763 0.792959 0.637896 0.635085 1 0.786578 0.817626 0.70007 0.58403 0.508867 0.462663 0.451426 0.560181 0.56523 0.602774 0.513663 0.5772 0.446722 0.540344 0.520581 0.525693 0.505063 0.659793 0.675963 0.361096 0.372574 0.368733 0.432878 0.305544 0.332381 0.370296 0.366567 0.430437 0.434678 0.535078 0.522456 0.533085 0.505978 
0.50423 0.574026 0.477722 0.531096 0.318767 0.477015 0.528378 0.343252 0.263789 0.469148 0.510819 0.465941 0.45947 0.351885 0.313293 0.511307 0.550796 0.484667 0.508715 0.484774 0.488611 0.285144 0.309919 0.449667 0.457748 0.443067 0.453122 0.595978 0.590696 0.510952 0.504956 0.309933 0.292681 0.20847 0.666152 0.69307 0.760544 0.832548 0.597167 0.604793 0.786578 1 0.712963 0.826381 0.558422 0.573004 0.438522 0.498882 0.496826 0.597474 0.565885 0.576104 0.530318 0.534859 0.49107 0.573737 0.474652 0.603878 0.65637 0.717919 0.372111 0.393459 0.387181 0.428019 0.322011 0.320696 0.3434 0.384759 0.404048 0.438763 0.481589 0.558344 0.498452 0.564789 
0.520515 0.480619 0.513667 0.490467 0.345596 0.523785 0.466993 0.394219 0.299219 0.531359 0.475889 0.531726 0.430452 0.424804 0.328089 0.562444 0.518289 0.501726 0.482493 0.517022 0.498452 0.322119 0.348519 0.491515 0.496333 0.485941 0.476241 0.587681 0.56537 0.535422 0.523874 0.382859 0.41367 0.227667 0.740793 0.710089 0.719174 0.706944 0.677467 0.652763 0.817626 0.712963 1 0.739208 0.728348 0.599519 0.550056 0.502804 0.531174 0.495907 0.53837 0.423733 0.570874 0.407059 0.578585 0.48143 0.584593 0.503841 0.620533 0.637533 0.434619 0.435144 0.401107 0.479804 0.329663 0.345585 0.432741 0.418215 0.454307 0.44073 0.577922 0.5433 0.6573 0.590122 
0.436737 0.525867 0.427989 0.495096 0.314859 0.422259 0.506189 0.341759 0.281122 0.445867 0.507019 0.457452 0.450615 0.354163 0.328359 0.4678 0.537581 0.439978 0.461937 0.456707 0.464852 0.297489 0.320004 0.435748 0.459252 0.420522 0.44493 0.547563 0.553337 0.517059 0.52533 0.338126 0.355519 0.220507 0.656426 0.708182 0.670689 0.743874 0.583167 0.626437 0.70007 0.826381 0.739208 1 0.578559 0.646656 0.439504 0.537074 0.434707 0.532663 0.480611 0.483711 0.464448 0.488222 0.463748 0.561604 0.438018 0.601733 0.595026 0.651037 0.393174 0.403744 0.392578 0.436637 0.325178 0.328319 0.369156 0.418974 0.381644 0.445152 0.453515 0.591252 0.503622 0.639652 
0.432922 0.374485 0.42877 0.40793 0.241196 0.4317 0.410615 0.302222 0.189574 0.471219 0.410681 0.449893 0.357718 0.357333 0.272215 0.49743 0.432793 0.470974 0.483511 0.447574 0.458244 0.257915 0.288481 0.450659 0.435322 0.432222 0.426004 0.528704 0.513918 0.519059 0.535141 0.43403 0.442685 0.274956 0.718533 0.63607 0.565059 0.589037 0.707804 0.656822 0.58403 0.558422 0.728348 0.578559 1 0.71127 0.712504 0.615963 0.432278 0.357544 0.401481 0.336793 0.442852 0.321522 0.514852 0.394515 0.439496 0.378178 0.547485 0.575926 0.447193 0.425696 0.402115 0.424626 0.322141 0.323419 0.454533 0.442985 0.432415 0.380937 0.542944 0.474404 0.650052 0.549689 
0.373852 0.400282 0.394678 0.399752 0.218959 0.377085 0.405837 0.248115 0.182319 0.390193 0.420618 0.387759 0.381826 0.291793 0.283933 0.410933 0.4396 0.449141 0.454126 0.431604 0.427578 0.226111 0.256133 0.379126 0.4103 0.364174 0.371148 0.455478 0.473289 0.478193 0.505407 0.370648 0.446222 0.218704 0.667559 0.635082 0.53207 0.583304 0.638415 0.703381 0.508867 0.573004 0.599519 0.646656 0.71127 1 0.579311 0.704707 0.361089 0.373204 0.372941 0.347544 0.359489 0.327356 0.399504 0.424374 0.357852 0.427781 0.539719 0.556093 0.362922 0.392985 0.346756 0.381193 0.295737 0.296952 0.389015 0.418381 0.347104 0.381426 0.435174 0.517963 0.488267 0.623178 
0.412437 0.358252 0.375982 0.359685 0.218004 0.399659 0.363563 0.267544 0.159333 0.41293 0.366815 0.386245 0.333415 0.334619 0.264163 0.479626 0.396841 0.449533 0.476685 0.396526 0.402767 0.255393 0.278989 0.47983 0.440815 0.378993 0.375615 0.486263 0.485704 0.488919 0.542663 0.589993 0.538007 0.382589 0.614818 0.553415 0.467652 0.501219 0.695444 0.657026 0.462663 0.438522 0.550056 0.439504 0.712504 0.579311 1 0.714356 0.428411 0.345844 0.414082 0.358926 0.421067 0.295615 0.467207 0.337648 0.377637 0.312856 0.532848 0.5571 0.421063 0.404519 0.41087 0.427052 0.349682 0.332074 0.518078 0.504278 0.3997 0.365063 0.534296 0.435726 0.563307 0.470296 
0.386863 0.387941 0.37953 0.381544 0.251926 0.364581 0.380159 0.2608 0.207482 0.368607 0.383411 0.35593 0.352819 0.325567 0.323093 0.430819 0.422333 0.452033 0.462174 0.40843 0.418789 0.258726 0.28273 0.441233 0.436374 0.342078 0.348759 0.451959 0.470974 0.482585 0.525656 0.523867 0.596793 0.357774 0.622963 0.594515 0.501752 0.530744 0.666911 0.727326 0.451426 0.498882 0.502804 0.537074 0.615963 0.704707 0.714356 1 0.386148 0.374641 0.391578 0.377393 0.352144 0.316148 0.383059 0.388689 0.306385 0.384293 0.551056 0.554189 0.375848 0.40177 0.395163 0.409322 0.341341 0.316537 0.455433 0.491533 0.369704 0.389311 0.458348 0.511315 0.458911 0.570859 
0.874726 0.672659 0.603904 0.553356 0.309256 0.645263 0.49907 0.359444 0.270522 0.593263 0.457648 0.561641 0.417352 0.399055 0.309718 0.664504 0.575911 0.666107 0.674589 0.5168 0.483444 0.314226 0.306493 0.5056 0.475922 0.41017 0.3774 0.643041 0.589304 0.398322 0.401233 0.343415 0.300074 0.237793 0.498826 0.506133 0.543518 0.539419 0.522456 0.510541 0.560181 0.496826 0.531174 0.434707 0.432278 0.361089 0.428411 0.386148 1 0.704411 0.686222 0.548059 0.712259 0.446856 0.699785 0.489048 0.469048 0.386593 0.615081 0.606422 0.350285 0.340059 0.349059 0.425474 0.284785 0.319981 0.384952 0.374437 0.44913 0.429822 0.574682 0.4708 0.476981 0.368052 
0.666367 0.882093 0.547659 0.62997 0.328822 0.502641 0.597537 0.313389 0.28813 0.463733 0.592674 0.431585 0.509974 0.347367 0.342182 0.544144 0.680052 0.628052 0.652967 0.531948 0.512407 0.302781 0.31007 0.445793 0.477722 0.420244 0.402567 0.628385 0.620718 0.3776 0.363652 0.291011 0.238196 0.2092 0.482922 0.512033 0.564578 0.552874 0.48127 0.494285 0.56523 0.597474 0.495907 0.532663 0.357544 0.373204 0.345844 0.374641 0.704411 1 0.619104 0.6933 0.549226 0.667467 0.518685 0.709226 0.384674 0.530448 0.630152 0.623452 0.314007 0.3339 0.3398 0.390767 0.291674 0.286552 0.334044 0.355289 0.388511 0.454319 0.465656 0.555193 0.388337 0.441167 
0.667578 0.600622 0.592337 0.554904 0.262763 0.630396 0.549078 0.277774 0.211941 0.465567 0.429389 0.467726 0.384956 0.291307 0.235911 0.460178 0.442726 0.60473 0.615845 0.505993 0.487589 0.241196 0.230433 0.386556 0.382318 0.322396 0.294848 0.555985 0.532019 0.385318 0.389637 0.2722 0.252237 0.167407 0.450763 0.448685 0.535422 0.538626 0.474944 0.463885 0.602774 0.565885 0.53837 0.480611 0.401481 0.372941 0.414082 0.391578 0.686222 0.619104 1 0.735 0.768233 0.553793 0.529641 0.464641 0.524644 0.51087 0.730174 0.680833 0.285507 0.303156 0.289485 0.357681 0.240881 0.264285 0.325093 0.324467 0.313933 0.318356 0.417452 0.384674 0.396067 0.351463 
0.544711 0.64083 0.513144 0.570493 0.1977 0.492863 0.561415 0.2005 0.158837 0.358437 0.40207 0.335711 0.335663 0.213181 0.185648 0.38243 0.422593 0.544822 0.59597 0.446293 0.468211 0.1907 0.17677 0.3336 0.316474 0.249559 0.237548 0.450059 0.453896 0.298252 0.314048 0.2458 0.191374 0.144722 0.393978 0.396885 0.480233 0.504159 0.411096 0.423104 0.513663 0.576104 0.423733 0.483711 0.336793 0.347544 0.358926 0.377393 0.548059 0.6933 0.735 1 0.533467 0.688885 0.390148 0.501515 0.339574 0.564722 0.636063 0.65817 0.207259 0.224259 0.252489 0.277752 0.202533 0.199022 0.259659 0.288415 0.255059 0.290889 0.331256 0.367781 0.288593 0.312719 
0.675041 0.549744 0.570382 0.534078 0.297345 0.6727 0.560315 0.333111 0.263152 0.577752 0.517411 0.57647 0.451652 0.344067 0.282481 0.509715 0.456585 0.555411 0.539818 0.506715 0.472893 0.230978 0.242885 0.435685 0.420018 0.395074 0.388463 0.613004 0.584159 0.436963 0.429885 0.285552 0.262559 0.182922 0.446785 0.446426 0.510911 0.51227 0.455648 0.43413 0.5772 0.530318 0.570874 0.464448 0.442852 0.359489 0.421067 0.352144 0.712259 0.549226 0.768233 0.533467 1 0.535945 0.693719 0.486167 0.658111 0.51617 0.624278 0.591541 0.354444 0.367274 0.357311 0.425889 0.303222 0.316611 0.397174 0.386456 0.356763 0.343915 0.48267 0.400681 0.472585 0.384826 
0.436026 0.59317 0.449137 0.544989 0.271163 0.443981 0.589841 0.254533 0.266648 0.388337 0.525622 0.374922 0.443215 0.265478 0.27423 0.384515 0.446556 0.438552 0.463407 0.437233 0.466304 0.176033 0.199426 0.359411 0.37307 0.299996 0.319089 0.501085 0.537352 0.339696 0.356244 0.220548 0.167993 0.140381 0.369156 0.373511 0.443974 0.433596 0.370956 0.363182 0.446722 0.534859 0.407059 0.488222 0.321522 0.327356 0.295615 0.316148 0.446856 0.667467 0.553793 0.688885 0.535945 1 0.397548 0.687022 0.37213 0.705611 0.544085 0.575952 0.262215 0.286696 0.30277 0.328867 0.2559 0.232607 0.303296 0.330774 0.280719 0.305859 0.330256 0.40373 0.292293 0.374337 
0.637337 0.504152 0.49893 0.471985 0.300596 0.566226 0.481604 0.36707 0.253293 0.657755 0.530144 0.615889 0.4704 0.42503 0.311993 0.688148 0.575282 0.547326 0.540974 0.486004 0.459307 0.279404 0.294022 0.588867 0.533918 0.486819 0.47777 0.632548 0.598393 0.451337 0.440233 0.363818 0.301974 0.260559 0.497544 0.493659 0.515482 0.519333 0.499456 0.464441 0.540344 0.49107 0.578585 0.463748 0.514852 0.399504 0.467207 0.383059 0.699785 0.518685 0.529641 0.390148 0.693719 0.397548 1 0.538163 0.562604 0.3913 0.541093 0.558093 0.440085 0.424182 0.435707 0.493326 0.365385 0.375222 0.438663 0.426248 0.5093 0.457959 0.679511 0.51827 0.609141 0.457737 
0.46787 0.624781 0.425826 0.522067 0.338719 0.439826 0.55763 0.304396 0.295326 0.45423 0.630419 0.421715 0.566218 0.33823 0.366448 0.498341 0.672719 0.474611 0.488315 0.457889 0.467519 0.2513 0.30027 0.478278 0.539348 0.45707 0.485133 0.569889 0.605726 0.377763 0.398944 0.284433 0.264237 0.21493 0.444585 0.476637 0.511382 0.522959 0.429578 0.434811 0.520581 0.573737 0.48143 0.561604 0.394515 0.424374 0.337648 0.388689 0.489048 0.709226 0.464641 0.501515 0.486167 0.687022 0.538163 1 0.3607 0.62267 0.532022 0.560444 0.345615 0.401596 0.397574 0.460522 0.336811 0.35053 0.37527 0.40637 0.3978 0.477485 0.466574 0.620052 0.3928 0.550333 
0.487707 0.400304 0.574596 0.493133 0.246918 0.586944 0.4627 0.297985 0.1788 0.476881 0.414096 0.528067 0.384459 0.341544 0.247226 0.434504 0.400974 0.473044 0.417393 0.595019 0.538222 0.268359 0.271193 0.356082 0.357148 0.426363 0.423719 0.528963 0.493941 0.588563 0.523419 0.290122 0.259115 0.15137 0.465082 0.444826 0.522519 0.501833 0.42133 0.397726 0.525693 0.474652 0.584593 0.438018 0.439496 0.357852 0.377637 0.306385 0.469048 0.384674 0.524644 0.339574 0.658111 0.37213 0.562604 0.3607 1 0.603178 0.605304 0.565448 0.371248 0.376356 0.350322 0.399848 0.308396 0.312952 0.388396 0.362485 0.348152 0.338756 0.465156 0.399867 0.58403 0.446515 
0.406396 0.513626 0.495337 0.583715 0.274437 0.486541 0.605926 0.263915 0.241719 0.392478 0.516293 0.419907 0.473289 0.285996 0.306415 0.371619 0.450341 0.437267 0.442993 0.524878 0.553833 0.22617 0.249756 0.341004 0.377211 0.367744 0.409804 0.510737 0.546811 0.516678 0.515707 0.265281 0.245541 0.154789 0.445937 0.455645 0.519678 0.537715 0.40127 0.402763 0.505063 0.603878 0.503841 0.601733 0.378178 0.427781 0.312856 0.384293 0.386593 0.530448 0.51087 0.564722 0.51617 0.705611 0.3913 0.62267 0.603178 1 0.608515 0.651241 0.315011 0.359974 0.345037 0.386822 0.292389 0.305481 0.342089 0.382781 0.295893 0.355963 0.357511 0.477196 0.408204 0.530111 
0.594967 0.619237 0.602463 0.60793 0.342311 0.61077 0.590804 0.321348 0.264993 0.472452 0.481144 0.49187 0.441748 0.356633 0.317215 0.559296 0.529567 0.657893 0.654367 0.60683 0.582482 0.327956 0.343378 0.477396 0.458193 0.460407 0.459474 0.701452 0.698233 0.696989 0.662493 0.387048 0.394222 0.238526 0.69073 0.646463 0.742648 0.703856 0.668815 0.671478 0.659793 0.65637 0.620533 0.595026 0.547485 0.539719 0.532848 0.551056 0.615081 0.630152 0.730174 0.636063 0.624278 0.544085 0.541093 0.532022 0.605304 0.608515 1 0.878711 0.424926 0.446807 0.4085 0.443981 0.3506 0.344311 0.483478 0.497689 0.430967 0.436637 0.51773 0.546319 0.506911 0.548945 
0.592241 0.598381 0.590496 0.610959 0.333144 0.58657 0.611248 0.382218 0.271893 0.479178 0.512196 0.490241 0.470289 0.41263 0.34353 0.553248 0.566396 0.607107 0.6726 0.591837 0.608048 0.356959 0.352974 0.498607 0.511274 0.491367 0.48643 0.710596 0.717074 0.668915 0.704196 0.425693 0.398911 0.2866 0.688722 0.677041 0.719596 0.777737 0.666174 0.684026 0.675963 0.717919 0.637533 0.651037 0.575926 0.556093 0.5571 0.554189 0.606422 0.623452 0.680833 0.65817 0.591541 0.575952 0.558093 0.560444 0.565448 0.651241 0.878711 1 0.456415 0.447122 0.433204 0.477563 0.36393 0.379819 0.490659 0.52903 0.436467 0.467556 0.542919 0.567181 0.5528 0.5485 
0.352252 0.337459 0.401418 0.393063 0.371867 0.376267 0.368081 0.423633 0.269785 0.452085 0.42187 0.4518 0.390278 0.456841 0.344244 0.432811 0.404022 0.398059 0.399037 0.491263 0.473926 0.390074 0.411656 0.495811 0.432433 0.631878 0.600311 0.532389 0.522711 0.505326 0.518196 0.373537 0.325941 0.290856 0.431874 0.422648 0.384389 0.40333 0.444622 0.409919 0.361096 0.372111 0.434619 0.393174 0.447193 0.362922 0.421063 0.375848 0.350285 0.314007 0.285507 0.207259 0.354444 0.262215 0.440085 0.345615 0.371248 0.315011 0.424926 0.456415 1 0.799267 0.6346 0.555611 0.50907 0.427441 0.567415 0.554007 0.351326 0.352826 0.4359 0.424078 0.508622 0.4391 
